Name|period|AB|spt|mass|mass_unc|radius|radius_unc|teff|teff_unc|logg|logg_unc|Lbol|Lbol_unc|Vmag|Vmag_unc|
V3903 Sgr|1.74|A|O7V|27.27|0.55|8.088|0.086|38000|1900|4.058|0.016|5.088|0.087|-4.36|0.08|
HD 165921|7.27|B|O9V|19.01|0.44|6.125|0.060|34100|1700|4.143|0.013|4.658|0.088|-3.64|0.08|
EM Car|3.41|A|O8V|22.83|0.32|9.35|0.17|34000|2000|3.855|0.016|5.021|0.104|-4.55|0.10|
HD 97484|8.38|B|O8V|21.38|0.33|8.35|0.16|34000|2000|3.925|0.016|4.922|0.104|-4.30|0.10|
V1034 Sco|2.44|A|O9V|17.21|0.46|7.507|0.081|33200|900|3.9229|0.0082|4.789|0.048|-4.04|0.06|
CD-41 11042|8.32|B|B1.5V|9.59|0.27|4.217|0.089|26330|900|4.170|0.013|3.885|0.062|-2.44|0.09|
V478 Cyg|2.88|A|O9.5V|16.62|0.33|7.426|0.072|30479|1000|3.9173|0.0074|4.631|0.058|-3.91|0.07|
HD 193611|8.63|B|O9.5V|16.27|0.33|7.426|0.072|30549|1000|3.9080|0.0075|4.635|0.057|-3.91|0.07|
AH Cep|1.77|A|B0.5Vn|15.26|0.35|6.346|0.071|29900|1000|4.0166|0.0090|4.461|0.059|-3.54|0.07|
HD 216014|6.81|B|B0.5Vn|13.44|0.25|5.836|0.085|28600|1000|4.034|0.012|4.311|0.062|-3.29|0.08|
V578 Mon|2.41|A|B1V|14.50|0.12|5.149|0.091|30000|740|4.176|0.015|4.285|0.045|-3.09|0.07|
HD 259135|8.55|B|B2V|10.262|0.084|4.21|0.10|26400|600|4.200|0.021|3.888|0.045|-2.45|0.08|
V453 Cyg|3.89|A|B0.4IV|13.82|0.35|8.445|0.068|27800|400|3.7253|0.0056|4.583|0.026|-4.05|0.06|
HD 227696|8.28|B|B0.7IV|10.64|0.22|5.420|0.068|26200|500|3.9970|0.0095|4.094|0.035|-2.98|0.07|
CW Cep|2.73|A|B0.5V|13.05|0.20|5.64|0.12|28300|1000|4.050|0.019|4.263|0.064|-3.20|0.09|
HD 218066|7.59|B|B0.5V|11.91|0.20|5.14|0.12|27700|1000|4.092|0.021|4.145|0.067|-2.96|0.09|
DW Car|1.33|A|B1V|11.34|0.18|4.561|0.050|27900|1000|4.1747|0.0086|4.054|0.063|-2.71|0.08|
HD 305543|9.68|B|B1V|10.63|0.20|4.299|0.058|26500|1000|4.198|0.011|3.913|0.067|-2.50|0.09|
QX Car|4.48|A|B2V|9.25|0.12|4.291|0.091|23800|500|4.139|0.018|3.725|0.041|-2.29|0.08|
HD 86118|6.64|B|B2V|8.46|0.12|4.053|0.091|22600|500|4.150|0.019|3.585|0.043|-2.06|0.08|
V1388 Ori|2.19|A|B2.5IV-V|7.42|0.16|5.60|0.08|20500|500|3.812|0.016|3.697|0.044|-2.56|0.08|
HD 42401|7.40|B|B3V|5.16|0.06|3.76|0.06|18500|500|4.000|0.015|3.172|0.049|-1.48|0.08|
V539 Ara|3.17|A|B3V|6.240|0.066|4.516|0.084|18100|500|3.924|0.016|3.293|0.051|-1.83|0.09|
HD 161783|5.71|B|B4V|5.314|0.060|3.428|0.083|17100|500|4.093|0.021|2.955|0.055|-1.11|0.09|
CV Vel|6.89|A|B2.5V|6.086|0.044|4.089|0.036|18100|500|3.9991|0.0076|3.207|0.049|-1.61|0.08|
HD 77464|6.69|B|B2.5V|5.982|0.035|3.950|0.036|17900|500|4.0219|0.0078|3.158|0.049|-1.52|0.08|
AG Per|2.03|A|B3.4V|5.35|0.16|2.995|0.071|18200|800|4.213|0.020|2.946|0.079|-0.95|0.12|
HD 25833|6.72|B|B3.5V|4.89|0.13|2.605|0.070|17400|800|4.296|0.023|2.747|0.083|-0.55|0.12|
U Oph|1.68|A|B5V|5.273|0.091|3.484|0.021|16440|250|4.0759|0.0043|2.901|0.027|-1.07|0.06|
HD 156247|5.87|B|B6V|4.739|0.072|3.110|0.034|15590|250|4.1281|0.0087|2.710|0.029|-0.71|0.06|
DI Her|10.55|A|B5V|5.17|0.11|2.681|0.046|17000|800|4.295|0.015|2.732|0.083|-0.57|0.12|
HD 175227|8.42|B|B5V|4.524|0.066|2.478|0.046|15100|700|4.305|0.015|2.457|0.082|-0.16|0.11|
V760 Sco|1.73|A|B4V|4.969|0.090|3.015|0.066|16900|500|4.176|0.019|2.823|0.055|-0.81|0.09|
HD 147683|6.99|B|B4V|4.609|0.073|2.641|0.066|16300|500|4.258|0.021|2.645|0.058|-0.45|0.10|
MU Cas|9.65|A|B5V|4.657|0.095|4.195|0.058|14750|800|3.861|0.012|2.874|0.096|-1.25|0.12|
HD 6582|10.80|B|B5V|4.575|0.088|3.670|0.057|15100|800|3.969|0.013|2.798|0.094|-1.01|0.12|
GG Lup|1.85|A|B7V|4.106|0.044|2.380|0.025|14750|450|4.2983|0.0089|2.382|0.054|-0.02|0.08|
HD 135876|5.59|B|B9V|2.504|0.023|1.726|0.019|11000|600|4.3628|0.0092|1.593|0.095|1.22|0.12|
zeta Phe|1.67|A|B6V|3.921|0.045|2.852|0.015|14400|800|4.1210|0.0040|2.497|0.097|-0.37|0.12|
HD 6882|3.95|B|B8V|2.545|0.026|1.854|0.011|12000|600|4.3076|0.0046|1.806|0.088|0.90|0.11|
chi2 Hya|2.27|A|B8V|3.605|0.078|4.390|0.039|11750|190|3.7101|0.0067|2.518|0.029|-0.93|0.06|
HD 96314|5.65|B|B8V|2.632|0.049|2.159|0.030|11100|230|4.190|0.011|1.803|0.038|0.71|0.07|
IQ Per|1.74|A|B8V|3.504|0.054|2.445|0.024|12300|230|4.2060|0.0080|2.089|0.034|0.25|0.06|
HD 24909|7.73|B|A6V|1.730|0.025|1.499|0.016|7700|140|4.3247|0.0085|0.851|0.033|2.58|0.09|
V906 Sco|2.79|A|B9V|3.378|0.071|4.521|0.035|10400|500|3.656|0.012|2.332|0.084|-0.76|0.12|
HD 162724|5.96|B|B9V|3.253|0.069|3.515|0.039|10700|500|3.858|0.013|2.163|0.082|-0.27|0.11|
OGLE 051019A|214.37|A|G4III|3.278|0.032|26.05|0.29|5300|100|2.1221|0.0096|2.682|0.034|-1.78|0.13|
OGLE 051019B|16.66|B|G4III|3.179|0.029|19.76|0.34|5450|100|2.349|0.015|2.490|0.035|-1.34|0.12|
PV Cas|1.75|A|B9.5V|2.816|0.050|2.301|0.020|10200|250|4.1639|0.0063|1.711|0.043|0.74|0.08|
HD 240208|9.72|B|B9.5V|2.757|0.054|2.257|0.019|10190|250|4.1713|0.0067|1.693|0.043|0.79|0.08|
V451 Oph|2.20|A|B9V|2.769|0.062|2.642|0.031|10800|800|4.0368|0.0091|1.931|0.130|0.33|0.17|
HD 170470|7.87|B|A0V|2.351|0.052|2.029|0.028|9800|500|4.195|0.011|1.533|0.090|1.11|0.14|
WX Cep|3.38|A|A5V|2.533|0.050|3.996|0.030|8150|250|3.6385|0.0052|1.801|0.054|0.21|0.13|
HD 213631|9.0:|B|A2V|2.324|0.045|2.712|0.023|8900|250|3.9378|0.0064|1.617|0.050|0.74|0.10|
TZ Men|8.57|A|A0V|2.482|0.025|2.017|0.020|10400|500|4.2236|0.0086|1.631|0.084|0.99|0.12|
HD 39780|6.19|B|A8V|1.5001|0.0097|1.433|0.014|7200|300|4.3018|0.0085|0.695|0.073|2.96|0.19|
V1031 Ori|3.41|A|A6V|2.468|0.018|4.323|0.034|7850|500|3.5587|0.0066|1.804|0.112|0.20|0.27|
HD 38735|6.02|B|A3V|2.281|0.016|2.978|0.064|8400|500|3.848|0.019|1.598|0.105|0.73|0.23|
V396 Cas|5.51|A|A1V|2.397|0.025|2.592|0.014|9225|150|3.9904|0.0041|1.640|0.028|0.73|0.07|
HD 240229|9.56|B|A3V|1.901|0.019|1.779|0.010|8550|120|4.2166|0.0046|1.181|0.025|1.78|0.07|
beta Aur|3.96|A|A1m|2.375|0.027|2.765|0.018|9350|200|3.9303|0.0050|1.720|0.038|0.55|0.08|
HD 40183|1.89|B|A1m|2.304|0.030|2.571|0.018|9200|200|3.9802|0.0056|1.629|0.038|0.76|0.08|
GG Ori|6.63|A|B9.5V|2.342|0.016|1.854|0.025|9950|200|4.272|0.012|1.481|0.037|1.27|0.07|
HD 290842|10.37|B|B9.5V|2.338|0.016|1.831|0.025|9950|200|4.281|0.012|1.470|0.037|1.30|0.07|
V364 Lac|7.35|A|A4m:|2.333|0.014|3.309|0.021|8250|150|3.7665|0.0049|1.658|0.032|0.57|0.09|
HD 216429|8.34|B|A3m:|2.295|0.024|2.986|0.020|8500|150|3.8488|0.0059|1.621|0.031|0.68|0.08|
YZ Cas|4.47|A|A1m|2.317|0.020|2.539|0.026|10200|300|3.9937|0.0086|1.797|0.052|0.53|0.08|
HD 4161|5.64|B|F2V|1.3522|0.0092|1.350|0.014|7200|300|4.3082|0.0091|0.643|0.073|3.09|0.19|
SZ Cen|4.11|A|A7V|2.311|0.026|4.556|0.032|8100|300|3.4847|0.0060|1.904|0.065|-0.05|0.16|
HD 120359|8.48|B|A7V|2.272|0.021|3.626|0.026|8380|300|3.6757|0.0058|1.765|0.062|0.31|0.14|
V624 Her|3.90|A|A3m|2.277|0.014|3.031|0.051|8150|150|3.832|0.014|1.561|0.035|0.81|0.10|
HD 161321|6.20|B|A7m:|1.876|0.013|2.210|0.034|7950|150|4.022|0.013|1.243|0.035|1.60|0.10|
V885 Cyg|1.69|A|A4m|2.228|0.026|3.387|0.026|8150|150|3.7265|0.0058|1.657|0.033|0.57|0.09|
BD+29 3637|9.96|B|A3m|2.000|0.029|2.346|0.017|8375|150|3.9985|0.0058|1.386|0.032|1.26|0.09|
GZ CMa|4.80|A|A3m|2.199|0.017|2.494|0.031|8800|350|3.987|0.011|1.525|0.070|0.95|0.14|
HD 56429|7.98|B|A4V:|2.006|0.012|2.132|0.037|8500|350|4.083|0.015|1.328|0.074|1.41|0.16|
V1647 Sgr|3.28|A|A1V|2.184|0.037|1.832|0.018|9600|300|4.2517|0.0078|1.408|0.055|1.38|0.10|
HD 163708|6.94|B|A1V|1.967|0.033|1.667|0.017|9100|300|4.2879|0.0084|1.233|0.058|1.73|0.11|
EE Peg|2.63|A|A3m|2.151|0.024|2.090|0.025|8700|200|4.131|0.010|1.352|0.041|1.37|0.09|
HD 206155|6.97|B|F5V|1.332|0.011|1.312|0.013|6450|300|4.3266|0.0082|0.427|0.082|3.66|0.23|
AI Hya|8.29|A|F2m|2.140|0.038|3.916|0.031|6700|60|3.5827|0.0060|1.443|0.017|1.11|0.07|
BD+00 2259|9.36|B|F0V|1.973|0.036|2.767|0.019|7100|65|3.8492|0.0050|1.242|0.017|1.59|0.07|
VV Pyx|4.60|A|A1V|2.097|0.022|2.168|0.020|9500|200|4.0874|0.0078|1.536|0.037|1.04|0.08|
HD 71581|6.58|B|A1V|2.095|0.019|2.168|0.020|9500|200|4.0869|0.0077|1.536|0.037|1.04|0.08|
TZ For|75.67|A|G8III|2.045|0.055|8.32|0.12|5000|100|2.908|0.013|1.589|0.037|1.04|0.14|
HD 20301|6.88|B|F7IV|1.945|0.027|3.965|0.088|6350|100|3.531|0.018|1.361|0.033|1.34|0.10|
V459 Cas|8.46|A|A1m:|2.030|0.036|2.014|0.020|9140|300|4.1375|0.0080|1.405|0.058|1.30|0.11|
TYC 4030-1001-1|10.32|B|A1m:|1.973|0.034|1.970|0.020|9100|300|4.1444|0.0081|1.378|0.058|1.36|0.11|
EK Cep|4.43|A|A1.5V|2.025|0.023|1.5800|0.0065|9000|200|4.3473|0.0027|1.167|0.039|1.88|0.08|
HD 206821|7.87|B|G5Vp|1.122|0.012|1.3153|0.0057|5700|200|4.2499|0.0032|0.215|0.061|4.29|0.20|
KW Hya|7.75|A|A5m|1.973|0.036|2.126|0.016|8000|200|4.0781|0.0063|1.221|0.044|1.66|0.12|
HD 79193|6.11|B|F0V|1.485|0.017|1.480|0.013|6900|200|4.2694|0.0067|0.649|0.051|3.08|0.14|
WW Aur|2.53|A|A5m|1.9643|0.0096|1.929|0.011|7960|420|4.1607|0.0050|1.128|0.092|1.89|0.22|
HD 46052|5.85|B|A7m|1.8140|0.0081|1.838|0.011|7670|410|4.1682|0.0052|1.021|0.093|2.15|0.23|
WW Cam|2.27|A|A4m|1.920|0.013|1.912|0.016|8350|135|4.1587|0.0068|1.203|0.029|1.71|0.08|
BD+64 454|10.16|B|A4m|1.873|0.018|1.808|0.016|8240|135|4.1961|0.0074|1.131|0.030|1.89|0.08|
V392 Car|3.17|A|A2V|1.904|0.013|1.624|0.022|8850|200|4.296|0.011|1.162|0.041|1.87|0.09|
CD-60 1966|9.48|B|A2V|1.855|0.020|1.600|0.022|8630|200|4.298|0.012|1.105|0.042|1.98|0.10|
AY Cam|2.73|A|A0V|1.905|0.040|2.772|0.020|7250|100|3.8323|0.0035|1.280|0.025|1.50|0.08|
BD+77 328|9.69|B|F0V|1.707|0.036|2.026|0.017|7395|100|4.0576|0.0048|1.042|0.025|2.09|0.08|
RS Cha|1.67|A|A8V|1.854|0.016|2.138|0.055|8050|200|4.046|0.022|1.236|0.049|1.62|0.13|
HD 75747|6.03|B|A8V|1.817|0.018|2.339|0.055|7700|200|3.959|0.020|1.237|0.050|1.61|0.13|
MY Cyg|4.01|A|F0m|1.806|0.025|2.242|0.050|7050|200|3.994|0.019|1.048|0.053|2.08|0.15|
HD 193637|8.31|B|F0m|1.782|0.030|2.178|0.050|7000|200|4.013|0.020|1.010|0.053|2.18|0.15|
EI Cep|8.44|A|F3V|1.7716|0.0066|2.897|0.048|6750|100|3.763|0.014|1.194|0.030|1.72|0.09|
HD 205234|7.53|B|F1m|1.6801|0.0062|2.330|0.044|6950|100|3.929|0.016|1.056|0.030|2.06|0.09|
BP Vul|1.94|A|A7m|1.737|0.015|1.852|0.014|7715|150|4.1425|0.0065|1.038|0.034|2.11|0.10|
HD 352179|9.80|B|F2m|1.4081|0.0087|1.489|0.013|6810|150|4.2408|0.0073|0.632|0.039|3.13|0.12|
FS Mon|1.91|A|F2V|1.632|0.010|2.052|0.012|6715|100|4.0263|0.0049|0.886|0.026|2.50|0.09|
BD-04 1937|9.60|B|F4V|1.4618|0.0096|1.6293|0.0098|6550|100|4.1790|0.0051|0.642|0.027|3.12|0.09|
PV Pup|1.66|A|A8V|1.561|0.011|1.543|0.016|6920|300|4.2547|0.0088|0.690|0.076|2.98|0.21|
HD 62863|6.89|B|A8V|1.550|0.013|1.499|0.016|6930|300|4.2768|0.0091|0.668|0.076|3.03|0.21|
V442 Cyg|2.39|A|F1V|1.560|0.024|2.073|0.034|6900|100|3.998|0.014|0.942|0.029|2.35|0.09|
HD 334426|9.72|B|F2V|1.407|0.023|1.663|0.033|6800|100|4.145|0.017|0.725|0.031|2.90|0.09|
EY Cep|7.97|A|F0V|1.520|0.012|1.463|0.011|7090|150|4.2895|0.0059|0.686|0.037|2.98|0.11|
BD+80 112|9.80|B|F0V|1.496|0.016|1.470|0.011|6970|150|4.2781|0.0061|0.661|0.038|3.05|0.11|
HD 71636|5.01|A|F2V|1.5142|0.0068|1.571|0.026|6950|140|4.226|0.014|0.713|0.038|2.92|0.11|
BD+37 1868|7.88|B|F5V|1.2876|0.0059|1.363|0.026|6440|140|4.279|0.016|0.458|0.041|3.59|0.12|
RZ Cha|2.83|A|F5V|1.493|0.022|2.256|0.016|6450|150|3.9054|0.0055|0.898|0.041|2.48|0.12|
HD 93486|8.10|B|F5V|1.493|0.022|2.256|0.016|6450|150|3.9054|0.0055|0.898|0.041|2.48|0.12|
GX Gem|4.04|A|F7V|1.488|0.011|2.326|0.012|6195|100|3.8774|0.0042|0.855|0.028|2.62|0.10|
HD 263139|11.33|B|F7V|1.467|0.010|2.236|0.012|6165|100|3.9057|0.0044|0.812|0.029|2.73|0.10|
BW Aqr|6.72|A|F7V|1.479|0.019|2.062|0.044|6350|100|3.979|0.018|0.793|0.033|2.75|0.10|
BD-16 6074|10.33|B|F8V|1.377|0.021|1.786|0.043|6450|100|4.073|0.021|0.695|0.034|2.99|0.10|
DM Vir|4.67|A|F7V|1.4544|0.0078|1.764|0.017|6500|100|4.1076|0.0083|0.698|0.028|2.98|0.09|
HD 123423|8.73|B|F7V|1.4480|0.0078|1.764|0.017|6500|300|4.1057|0.0083|0.698|0.081|2.98|0.23|
V570 Per|1.90|A|F3V|1.4466|0.0086|1.521|0.034|6842|50|4.234|0.019|0.658|0.023|3.06|0.08|
HD 19457|7.96|B|F5V|1.3471|0.0081|1.386|0.019|6562|50|4.284|0.012|0.505|0.018|3.46|0.07|
CD Tau|3.43|A|F6V|1.442|0.016|1.798|0.015|6200|50|4.0874|0.0069|0.632|0.016|3.17|0.07|
HD 34335|6.74|B|F6V|1.368|0.016|1.584|0.018|6200|50|4.1743|0.0099|0.522|0.017|3.45|0.07|
AD Boo|2.07|A|F4V|1.4136|0.0088|1.613|0.014|6575|120|4.1731|0.0077|0.640|0.033|3.12|0.10|
BD+25 2800|9.38|B|F8V|1.2088|0.0056|1.2165|0.0097|6145|120|4.3503|0.0068|0.278|0.035|4.06|0.11|
V1143 Cyg|7.64|A|F5V|1.388|0.016|1.347|0.023|6450|100|4.322|0.015|0.450|0.031|3.60|0.10|
HD 185912|5.86|B|F5V|1.344|0.013|1.324|0.023|6400|100|4.323|0.015|0.422|0.031|3.68|0.10|
IT Cas|3.90|A|F5V|1.3315|0.0093|1.594|0.018|6470|100|4.1574|0.0096|0.602|0.029|3.22|0.09|
TYC 3650-959-1|11.15|B|F5V|1.3290|0.0078|1.562|0.018|6470|100|4.1740|0.0097|0.584|0.029|3.27|0.09|
V1061 Cyg|2.35|A|F9V|1.282|0.016|1.616|0.017|6180|100|4.1293|0.0092|0.534|0.030|3.42|0.10|
HD 235444|9.24|B|G8V|0.9315|0.0074|0.967|0.011|5300|150|4.4368|0.0096|-0.179|0.050|5.37|0.18|
VZ Hya|2.90|A|F3V|1.2713|0.0087|1.3141|0.0053|6645|150|4.3051|0.0033|0.480|0.039|3.51|0.12|
HD 72257|8.95|B|F6V|1.1459|0.0059|1.1129|0.0072|6290|150|4.4043|0.0055|0.241|0.042|4.14|0.13|
V505 Per|4.22|A|F5V|1.2719|0.0072|1.287|0.024|6510|50|4.323|0.016|0.427|0.021|3.66|0.07|
HD 14384|6.88|B|F5V|1.2540|0.0072|1.266|0.024|6460|50|4.331|0.017|0.399|0.021|3.73|0.07|
HS Hya|1.57|A|F4V|1.2552|0.0077|1.2753|0.0073|6500|50|4.3256|0.0049|0.416|0.014|3.69|0.06|
HD 90242|8.08|B|F5V|1.2186|0.0069|1.2169|0.0073|6400|50|4.3535|0.0051|0.348|0.015|3.86|0.06|
RT And|0.63|A|F8V|1.240|0.030|1.256|0.015|6100|150|4.3340|0.0095|0.292|0.044|4.03|0.14|
BD+52 3383a|9.03|B|K3V|0.907|0.017|0.906|0.011|4880|100|4.4813|0.0097|-0.379|0.037|6.04|0.15|
UX Men|4.18|A|F8V|1.2350|0.0058|1.348|0.013|6200|100|4.2703|0.0086|0.382|0.029|3.80|0.10|
HD 37513|8.22|B|F8V|1.1957|0.0072|1.275|0.013|6150|100|4.3049|0.0091|0.320|0.030|3.96|0.10|
AI Phe|24.59|A|K0IV|1.2336|0.0045|2.932|0.048|5010|120|3.595|0.014|0.687|0.044|3.29|0.17|
HD 6980|8.61|B|F7V|1.1934|0.0041|1.818|0.024|6310|150|3.996|0.011|0.672|0.043|3.06|0.13|
WZ Oph|4.18|A|F7V|1.2268|0.0071|1.402|0.012|6165|100|4.2335|0.0074|0.406|0.029|3.74|0.10|
HD 154676|9.10|B|F8V|1.2201|0.0062|1.419|0.012|6115|100|4.2203|0.0073|0.403|0.029|3.76|0.10|
FL Lyr|2.18|A|F8V|1.218|0.016|1.283|0.028|6150|100|4.307|0.019|0.325|0.034|3.95|0.11|
HD 179890|9.33|B|G8V|0.958|0.012|0.962|0.028|5300|100|4.453|0.025|-0.183|0.041|5.38|0.14|
V432 Aur|3.08|A|F9IV|1.2042|0.0058|2.429|0.023|6080|85|3.7479|0.0080|0.860|0.026|2.62|0.09|
HD 37071|8.07|B|F3V|1.0786|0.0053|1.2239|0.0072|6685|85|4.2955|0.0050|0.429|0.023|3.64|0.08|
EW Ori|6.94|A|G0V|1.174|0.012|1.133|0.011|5970|100|4.3992|0.0080|0.166|0.030|4.37|0.10|
HD 287727|9.94|B|G5V|1.1238|0.0089|1.083|0.011|5780|100|4.4198|0.0082|0.070|0.031|4.64|0.11|
BH Vir|0.82|A|F8V|1.1656|0.0082|1.247|0.024|6100|100|4.313|0.017|0.286|0.033|4.05|0.11|
HD 121909|9.68|B|G5V|1.0520|0.0058|1.135|0.023|5500|200|4.350|0.017|0.025|0.066|4.81|0.22|
ZZ UMa|2.30|A|G0V|1.1386|0.0052|1.513|0.019|5960|70|4.135|0.011|0.414|0.023|3.75|0.08|
BD+62 1132|9.86|B|K0V|0.9691|0.0048|1.1562|0.0096|5270|90|4.2984|0.0071|-0.034|0.030|5.02|0.12|
alpha Cen|79.91y|A|G2V|1.105|0.007|1.224|0.003|5824|26|4.3059|0.0035|0.190|0.008|4.33|0.06|
HD 128620/1|-0.29|B|K1V|0.934|0.006|0.863|0.005|5223|62|4.5364|0.0058|-0.303|0.021|5.71|0.09|
NGC188 KR V12|6.50|A|G1V|1.1034|0.0074|1.425|0.019|5900|100|4.173|0.012|0.344|0.032|3.93|0.11|
GSC 04619-00585|14.74|B|G1V|1.0811|0.0068|1.374|0.019|5875|100|4.196|0.012|0.305|0.032|4.03|0.11|
V568 Lyr|14.47|A|G5V|1.0745|0.0077|1.400|0.016|5665|100|4.1774|0.0097|0.258|0.032|4.19|0.11|
NGC6791 KR V20|17.51|B|K3V|0.8273|0.0042|0.7679|0.0064|4900|100|4.5852|0.0071|-0.515|0.036|6.37|0.15|
V636 Cen|4.28|A|G1V|1.0518|0.0048|1.0186|0.0043|5900|85|4.4441|0.0036|0.053|0.025|4.66|0.09|
HD 124784|8.70|B|K2V|0.8545|0.0030|0.8300|0.0043|5000|100|4.5317|0.0044|-0.413|0.035|6.05|0.14|
CV Boo|0.85|A|G3V|1.032|0.013|1.263|0.023|5760|150|4.249|0.017|0.198|0.048|4.32|0.15|
BD+37 2641|10.75|B|G5V|0.968|0.012|1.174|0.023|5670|150|4.285|0.018|0.107|0.049|4.57|0.16|
V1174 Ori|2.63|A|K4.5V|1.006|0.013|1.338|0.011|4470|120|4.1877|0.0069|-0.193|0.047|5.84|0.22|
Parenago 1478|13.95|B|M1.5V|0.7271|0.0096|1.063|0.011|3615|100|4.2467|0.0075|-0.761|0.049|8.57|0.42|
UV Psc|0.86|A|G5V|0.9829|0.0077|1.110|0.023|5780|100|4.340|0.018|0.092|0.035|4.58|0.11|
HD 7700|9.03|B|K3V|0.7644|0.0045|0.835|0.018|4750|80|4.478|0.019|-0.497|0.035|6.41|0.14|
CG Cyg|0.63|A|G9.5V|0.941|0.014|0.893|0.012|5260|180|4.510|0.011|-0.261|0.061|5.59|0.22|
BD+34 4217|10.08|B|K3V|0.814|0.013|0.838|0.011|4720|60|4.502|0.011|-0.505|0.025|6.45|0.11|
RW Lac|10.37|A|G5V|0.9263|0.0057|1.1864|0.0038|5760|100|4.2564|0.0026|0.143|0.030|4.46|0.11|
TYC 3629-740-1|10.63|B|G7V|0.8688|0.0040|0.9638|0.0040|5560|150|4.4090|0.0034|-0.099|0.047|5.10|0.16|
HS Aur|9.82|A|G8V|0.898|0.019|1.004|0.024|5350|75|4.387|0.021|-0.130|0.032|5.24|0.11|
BD+47 1350|10.16|B|K0V|0.877|0.017|0.874|0.024|5200|75|4.498|0.024|-0.300|0.035|5.71|0.12|
GU Boo|0.49|A|M1V|0.6101|0.0064|0.627|0.016|3920|130|4.628|0.022|-1.079|0.062|8.68|0.38|
GSC 02566-00776|13.7:|B|M1V|0.5995|0.0064|0.624|0.016|3810|130|4.626|0.022|-1.133|0.063|9.02|0.43|
YY Gem|0.81|A|M1Ve|0.5992|0.0047|0.6194|0.0057|3820|100|4.6317|0.0087|-1.135|0.046|9.01|0.33|
BD+32 1582|8.92|B|M1Ve|0.5992|0.0047|0.6194|0.0057|3820|100|4.6317|0.0087|-1.135|0.046|9.01|0.33|
CU Cnc|2.77|A|M3.5Ve|0.4349|0.0012|0.4323|0.0055|3160|150|4.805|0.011|-1.776|0.084|13.07|1.16|
GJ 2069 A|11.89|B|M3.5Ve|0.39922|0.00089|0.3916|0.0094|3125|150|4.854|0.021|-1.882|0.086|13.55|1.21|
CM Dra|1.27|A|M4.5V|0.23102|0.00089|0.2534|0.0019|3130|70|4.9942|0.0065|-2.257|0.039|14.46|0.55|
GJ 630.1 A|12.90|B|M4.5V|0.21409|0.00083|0.2398|0.0018|3120|70|5.0090|0.0062|-2.310|0.039|14.66|0.56|